Year,"Contributing family workers, female (% of female employment) (modeled ILO estimate)","Contributing family workers, male (% of male employment) (modeled ILO estimate)"
1991,54.09550086,8.620430452
1992,53.85698596,8.870628346
1993,53.52649429,9.236439133
1994,53.18076307,9.507460144
1995,52.95960014,9.632238412
1996,52.97940125,9.811762812
1997,52.48332741,10.04723941
1998,51.97207426,10.12686051
1999,51.1626113,10.36779678
2000,49.98350487,10.86632192
2001,49.27653297,11.33337152
2002,48.37079298,11.31967961
2003,47.17088076,10.92452608
2004,46.2902977,10.53844795
2005,45.37427364,10.12844812
2006,43.16595675,9.677066794
2007,41.15190493,9.234018566
2008,39.27566409,8.843838543
2009,37.09493619,8.620181067
2010,35.34843757,8.25738474
2011,33.51465136,7.879642129
2012,31.65385305,7.530287665
2013,31.56134024,8.321571799
2014,31.45223892,9.067221225
2015,31.11039301,9.932462477
2016,30.43444784,11.15353702
2017,29.84086079,12.45628147
2018,29.40336748,13.73374253
2019,28.59363002,15.05041212
2020,27.8774502,16.97818348
2021,26.98433906,16.03087689
2022,26.38815175,15.80183668
2023,26.04321151,15.60350379
